42
0 0 0 0
1 0 1 3
2 0 2 5
3 0 3 12
4 0 4 9
5 0 5 7
6 0 6 11
7 0 7 32
8 0 8 14
9 0 9 9
10 0 10 9
11 1 0 3
12 1 1 0
13 1 2 8
14 1 3 15
15 1 4 12
16 1 5 4
17 1 6 14
18 1 7 35
19 1 8 11
20 1 9 9
21 1 10 6
22 2 0 5
23 2 1 8
24 2 2 0
25 2 3 7
26 2 4 14
27 2 5 12
28 2 6 6
29 2 7 27
30 2 8 19
31 2 9 14
32 2 10 14
33 3 0 12
34 3 1 15
35 3 2 7
36 3 3 0
37 3 4 19
38 3 5 19
39 3 6 11
40 3 7 20
41 3 8 24
42 3 9 21
43 3 10 21
44 4 0 9
45 4 1 12
46 4 2 14
47 4 3 19
48 4 4 0
49 4 5 2
50 4 6 8
51 4 7 39
52 4 8 5
53 4 9 18
54 4 10 18
55 5 0 7
56 5 1 4
57 5 2 12
58 5 3 19
59 5 4 2
60 5 5 0
61 5 6 10
62 5 7 39
63 5 8 7
64 5 9 16
65 5 10 16
66 6 0 11
67 6 1 14
68 6 2 6
69 6 3 11
70 6 4 8
71 6 5 10
72 6 6 0
73 6 7 31
74 6 8 13
75 6 9 20
76 6 10 20
77 7 0 32
78 7 1 35
79 7 2 27
80 7 3 20
81 7 4 39
82 7 5 39
83 7 6 31
84 7 7 0
85 7 8 44
86 7 9 41
87 7 10 41
88 8 0 14
89 8 1 11
90 8 2 19
91 8 3 24
92 8 4 5
93 8 5 7
94 8 6 13
95 8 7 44
96 8 8 0
97 8 9 20
98 8 10 17
99 9 0 9
100 9 1 9
101 9 2 14
102 9 3 21
103 9 4 18
104 9 5 16
105 9 6 20
106 9 7 41
107 9 8 20
108 9 9 0
109 9 10 3
110 10 0 9
111 10 1 6
112 10 2 14
113 10 3 21
114 10 4 18
115 10 5 16
116 10 6 20
117 10 7 41
118 10 8 17
119 10 9 3
120 10 10 0